0.0
0.0004814745858610948
0.0009743957323198168
0.0014790355695225182
0.00199567269722849
0.002524592338618324
0.003066086497758905
0.0036204541208119763
0.004188001261075267
0.004769041247947305
0.005363894859909192
0.005972890501618841
0.006596364385215449
0.007234660715934294
0.007888131882134329
0.008557138649843492
0.009242050361929129
0.009943245142003477
0.010661110103176804
0.011396041561773434
0.012148445256128643
0.012918736570587232
0.013707340764827434
0.014514693208636758
0.015341239622269387
0.01618743632251782
0.01705375047463463
0.01794066035024337
0.01884865559138108
0.019778237480818098
0.02072991921880448
0.02170422620639575
0.02270169633551444
0.023722880285907536
0.024768341829163803
0.025838658139958774
0.026934420114699292
0.02805623269774349
0.029204715215376303
0.030380501717724922
0.031584241328802914
0.0328165986048763
0.034078253901349394
0.035369903748373004
0.03669226123538228
0.03804605640477662
0.03943203665495883
0.0408509671529562
0.04230363125685117
0.04379083094825486
0.04531338727506223
0.04687214080473323
0.04846795208835034
0.0501017021357085
0.05177429290169984
0.053486647784261765
0.05523971213416314
0.0570344537769102
0.05887186354706018
0.060752955835237724
0.06267876914815605
0.06465036668195202
0.06666883690915168
0.06873529417959023
0.07085087933561839
0.07301676034193447
0.07523413293039026
0.07750422126012632
0.07982827859340141
0.08220758798748905
0.08464346300302318
0.08713724842918406
0.08969032102612463
0.0923040902850474
0.09497999920635122
0.09771952509627793
0.10052418038249818
0.10339551344908715
0.10633510949135096
0.10934459139097552
0.11242562061198134
0.11557989811797864
0.11880916531122923
0.12211520499403368
0.12549984235297446
0.1289649459665584
0.13251242883681486
0.13614424944541903
0.1398624128349236
0.14366897171569531
0.14756602759916815
0.15155573195803815
0.15564028741404082
0.15982194895396665
0.16410302517458622
0.168485879557172
0.17297293177232068
0.17756665901579627
0.18226959737613146
0.18708434323474243
0.1918990890933534
0.1966853464699461
0.2014432839286839
0.20617306903634908
0.21087486836824396
0.21554884751405762
0.2201951710836977
0.2248140027130876
0.22940550506992952
0.2339698398594333
0.2385071678300115
0.24301764877894066
0.24750144155798906
0.2519587040790112
0.2563895933195094
0.26079426532816197
0.26517287523031924
0.26952557723346676
0.27385252463265614
0.27815386981590395
0.2824297642695586
0.2866803585836354
0.29090580245711994
0.2951062447032406
0.29928183325470914
0.3034327151689309
0.30755903663318374
0.3116609429697667
0.31573857864111793
0.3197920872549023
0.3238216115690693
0.3278272934968804
0.3318092741119073
0.3357676936530002
0.33970269152922666
0.34361440632478163
0.3475029758038679
0.35136853691554815
0.35521122579856784
0.35903117778614996
0.36282852741076116
0.36660340840884986
0.3703559537255562
0.374086295519394
0.3777945651669054
0.38148089326728757
0.38514540964699223
0.38878824336429796
0.39240952271385543
0.3960093752312056
0.3995879276972716
0.40314530614282335
0.4066816358529165
0.4101970413713046
0.4136916465048253
0.4171655743277609
0.4206189471861723
0.4240518867022084
0.427464513778389
0.4308569486018631
0.4342293106486414
0.4375817186878044
0.44091429078568484
0.4442271443100262
0.44752039593411597
0.4507941616408947
0.4540485567270408
0.4572836958070311
0.46049969281717734
0.46369666101963886
0.4668747130064115
0.4700339607032928
0.473174515373824
0.47629648762320853
0.47939998740220735
0.48248512401101107
0.4855520061030896
0.4886007416890184
0.4916314381402829
0.4946442021930594
0.4976391399519747
0.5006163568938424
0.5035759578713782
0.5065180471168921
0.5094427282459594
0.5123501042610703
0.5152402775552569
0.5181133499156998
0.5209694225273125
0.5238085959763051
0.5266309702537271
0.5294366447589881
0.5322257183033595
0.5349982891134538
0.5377544548346842
0.5404943125347034
0.5432179587068223
0.5459254892734083
0.5486169995892636
0.551292584444983
0.553952338070293
0.5565963541373699
0.5592247257641387
0.5618375455175533
0.5644349054168555
0.5670168969368166
0.5695836110109586
0.5721351380347568
0.5746715678688235
0.5771929898420725
0.5796994927548653
0.5821911648821387
0.5846680939765133
0.587130367271384
0.5895780714839927
0.5920112928184817
0.5944301169689304
0.5968346291223726
0.5992249139617971
0.6016010556691299
0.6039631379281989
0.6063112439276813
0.6086454563640334
0.6109658574444028
0.6132725288895235
0.6155655519365947
0.6178450073421407
0.620110975384856
0.6223635358684324
0.6246027681243689
0.6268287510147664
0.6290415629351048
0.6312412818170039
0.633427985130968
0.6356017498891146
0.637762652647886
0.6399107695107464
0.6420461761308613
0.6441689477137624
0.6462791590199959
0.6483768843677555
0.6504621976355003
0.6525351722645556
0.6545958812617004
0.6566443972017382
0.6586807922300527
0.6607051380651492
0.66271750600118
0.6647179669104551
0.6667065912459389
0.6686834490437307
0.6706486099255318
0.672602143101097
0.6745441173706724
0.6764746011274185
0.6783936623598184
0.6803013686540726
0.6821977871964796
0.6840829847758013
0.6859570277856158
0.6878199822266555
0.6896719137091314
0.691512887455044
0.6933429683004804
0.6951622206978972
0.6969707087183911
0.6987684960539546
0.7005556460197202
0.702332221556189
0.7040982852314482
0.7058538992433746
0.7075991254218248
0.7093340252308128
0.7110586597706747
0.7127730897802209
0.7144773756388747
0.7161715773687989
0.7178557546370099
0.7195299667574789
0.721194272693221
0.7228487310583716
0.7244934001202504
0.7261283378014145
0.7277536016816972
0.7293692490002365
0.7309753366574906
0.7325719212172424
0.7341590589085909
0.7357368056279322
0.7373052169409273
0.7388643480844599
0.7404142539685808
0.7419549891784426
0.7434866079762216
0.7450091643030289
0.7465227117808104
0.7480273037142349
0.7495229930925715
0.7510098325915561
0.752487874575246
0.7539571710978646
0.7554177739056345
0.7568697344385996
0.7583131038324373
0.759747932920259
0.7611742722344004
0.7625921720082013
0.7640016821777748
0.7654028523837655
0.7667957319730986
0.768180370000717
0.7695568152313094
0.7709251161410274
0.7722853209191932
0.7736374774699962
0.7749816334141806
0.7763178360907221
0.7776461325584956
0.778966569597932
0.780279193712666
0.781584051131174
0.782881187808402
0.7841706494273839
0.785452481400851
0.7867267288728306
0.7879934367202363
0.7892526495544485
0.7905044117228857
0.7917487673105658
0.7929857601416591
0.7942154337810319
0.7954378315357801
0.7966529964567551
0.7978609713400798
0.7990617987286555
0.8002555209136605
0.8014421799360395
0.8026218175879841
0.8037944754144047
0.8049601947143937
0.8061190165426798
0.8072709817110743
0.8084161307899077
0.8095545041094594
0.8106861417613774
0.8118110836000907
0.8129293692442124
0.8140410380779356
0.8151461292524198
0.8162446816871705
0.817336734071409
0.8184223248654361
0.8195014923019852
0.8205742743875701
0.8216407089038228
0.8227008334088242
0.823754685238427
0.8248023015075705
0.8258437191115877
0.8268789747275049
0.8279081048153331
0.8289311456193521
0.8299481331693875
0.8309591032820788
0.8319640915621412
0.8329631334036198
0.8339562639911356
0.8349435183011251
0.8359249311030716
0.8369005369607304
0.8378703702333454
0.8388344650768598
0.8397928554451183
0.8407455750910636
0.8416926575679249
0.8426341362303992
0.8435700442358266
0.8445004145453576
0.8454252799251142
0.8463446729473436
0.8472586259915658
0.8481671712457134
0.8490703407072655
0.8499681661843748
0.8508606792969873
0.8517479114779564
0.8526298939741496
0.8535066578475492
0.854378233976346
0.8552446530560271
0.8561059456004566
0.8569621419429504
0.8578132722373446
0.8586593664590573
0.8595004544061442
0.8603365657003486
0.8611677297881437
0.8619939759417706
0.8628153332602687
0.8636318306705004
0.8644434969281704
0.8652503606188376
0.866052450158923
0.8668497937967092
0.8676424196133364
0.8684303555237906
0.8692136292778867
0.8699922684612466
0.8707663004962698
0.8715357526430998
0.8723006520005837
0.8730610255072271
0.8738168999421422
0.8745683019259914
0.8753152579219249
0.876057794236512
0.8767959370206683
0.8775297122705765
0.8782591458286019
0.8789842633842023
0.8797050904748331
0.8804216524868466
0.8811339746563857
0.8818420820702733
0.8825459996668954
0.8832457522370795
0.8839413644249675
0.884632860728884
0.8853202655021989
0.8860036029541848
0.8866828971508702
0.8873581720158867
0.8880294513313116
0.8886967587385053
0.8893601177389442
0.8900195516950483
0.890675083831004
0.8913267372335819
0.89197453485295
0.8926184995034817
0.8932586538645598
0.8938950204813747
0.8945276217657188
0.8951564799967755
0.8957816173219042
0.8964030557574199
0.8970208171893687
0.8976349233742987
0.8982453959400263
0.8988522563863977
0.899455526086046
0.9000552262851442
0.9006513781041535
0.9012440025385666
0.9018331204596477
0.9024187526151674
0.903000919630133
0.9035796420075155
0.9041549401289714
0.9047268342555603
0.905295344528459
0.90586049096967
0.9064222934827277
0.9069807718533984
0.9075359457503778
0.9080878347259832
0.9086364582168425
0.9091818355445785
0.9097239859164895
0.9102629284262257
0.9107986820544615
0.9113312656695641
0.9118606980282584
0.9123869977762867
0.9129101834490662
0.9134302734723412
0.9139472861628325
0.9144612397288822
0.914972152271095
0.9154800417829757
0.915984926151563
0.9164868231580593
0.916985750478457
0.917481725684161
0.9179747662426075
0.9184648895178794
0.9189521127713175
0.9194364531621285
0.9199179277479896
0.9203965534856489
0.9208723472315227
0.9213453257422892
0.9218155056754788
0.9222829035900602
0.9227475359470242
0.9232094191099631
0.9236685693456473
0.9241250028245978
0.9245787356216556
0.9250297837165485
0.9254781629944534
0.9259238892465557
0.9263669781706055
0.9268074453714708
0.9272453063616864
0.9276805765620012
0.9281132713019201
0.9285434058202449
0.9289709952656103
0.929396054697018
0.9298185990843665
0.9302386433089785
0.9306562021641254
0.9310712903555476
0.9314839225019729
0.9318941131356312
0.9323018767027663
0.9327072275641447
0.9331101799955615
0.9335107481883426
0.9339089462498452
0.9343047882039545
0.9346982879915771
0.9350894594711325
0.9354783164190411
0.9358648725302091
0.9362491414185111
0.9366311366172694
0.9370108715797305
0.9373883596795394
0.93776361421121
0.9381366483905939
0.938507475355345
0.9388761081653831
0.9392425598033536
0.9396068431750841
0.9399689711100399
0.9403289563617748
0.9406868116083814
0.9410425494529366
0.941396182423946
0.9417477229757848
0.9420971834891368
0.9424445762714304
0.9427899135572716
0.9431332075088752
0.9434744702164932
0.9438137136988406
0.9441509499035184
0.9444861907074348
0.9448194479172228
0.9451507332696569
0.945480058432066
0.9458074350027438
0.9461328745113584
0.9464563884193574
0.9467779881203721
0.9470976849406182
0.9474154901392955
0.9477314149089836
0.9480454703760367
0.9483576676009752
0.9486680175788751
0.9489765312397554
0.9492832194489633
0.9495880930075562
0.9498911626526827
0.9501924390579604
0.9504919328338519
0.9507896545280387
0.9510856146257922
0.9513798235503436
0.9516722916632503
0.9519630292647614
0.9522520465941801
0.9525393538302244
0.9528249610913856
0.9531088784362849
0.953391115864027
0.9536716833145531
0.9539505906689902
0.9542278477499997
0.9545034643221227
0.9547774500921247
0.9550498147093366
0.9553205677659952
0.9555897187975807
0.9558572772831526
0.9561232526456837
0.9563876542523914
0.9566504914150683
0.9569117733904098
0.95717150938034
0.9574297085323361
0.9576863799397503
0.9579415326421301
0.9581951756255368
0.9584473178228617
0.958697968114141
0.9589471353268684
0.9591948282363059
0.959441055565793
0.9596858259870539
0.9599291481205028
0.9601710305355476
0.9604114817508919
0.9606505102348343
0.9608881244055676
0.9611243326314745
0.9613591432314227
0.9615925644750579
0.9618246045830948
0.9620552717276069
0.9622845740323139
0.9625125195728685
0.96273911637714
0.9629643724254977
0.9631882956510913
0.963410893940131
0.9636321751321648
0.9638521470203547
0.9640708173517512
0.9642881938275658
0.9645042841034429
0.9647190957897289
0.9649326364517404
0.9651449136100305
0.9653559347406538
0.9655657072754298
0.9657742386022042
0.9659815360651097
0.9661876069648242
0.9663924585588279
0.9665960980616594
0.966798532645169
0.9669997694387721
0.9671998155296996
0.967398677963248
0.9675963637430272
0.9677928798312072
0.9679882331487637
0.9681824305757213
0.9683754789513959
0.9685673850746358
0.9687581557040612
0.9689477975583018
0.9691363173162341
0.9693237216172155
0.9695100170613195
0.9696952102095671
0.9698793075841583
0.9700623156687019
0.9702442409084436
0.970425089710493
0.9706048684440494
0.9707835834406259
0.9709612409942727
0.9711378473617986
0.9713134087629913
0.9714879313808363
0.9716614213617352
0.9718338848157214
0.972005327816676
0.9721757564025414
0.9723451765755338
0.9725135943023548
0.9726810155144018
0.972847446107976
0.973012891944491
0.9731773588506789
0.9733408526187953
0.9735033790068236
0.9736649437386775
0.973825552504403
0.9739852109603782
0.974143924729513
0.9743016994014472
0.9744585405327467
0.9746144536471
0.974769444235512
0.9749235177564982
0.9750766796362761
0.9752289352689568
0.975380290016735
0.9755307492100774
0.9756803181479111
0.9758290020978095
0.9759768062961786
0.9761237359484404
0.9762697962292174
0.9764149922825139
0.9765593292218977
0.9767028121306799
0.976845446062094
0.9769872360394741
0.9771281870564315
0.9772683040770306
0.977407592035964
0.9775460558387258
0.977683700361785
0.9778205304527567
0.9779565509305733
0.9780917665856537
0.9782261821800721
0.9783598024477262
0.9784926320945035
0.9786246757984471
0.9787559382099206
0.9788864239517714
0.9790161376194941
0.9791450837813923
0.9792732669787391
0.979400691725937
0.9795273625106776
0.9796532837940989
0.9797784600109426
0.9799028955697106
0.9800265948528198
0.9801495622167571
0.980271801992232
0.9803933184843294
0.9805141159726619
0.9806341987115195
0.9807535709300199
0.9808722368322578
0.9809902005974522
0.9811074663800943
0.9812240383100932
0.9813399204929218
0.9814551170097613
0.9815696319176447
0.9816834692495998
0.9817966330147916
0.981909127198663
0.9820209557630751
0.9821321226464474
0.9822426317638959
0.982352487007371
0.9824616922457948
0.9825702513251975
0.9826781680688524
0.9827854462774109
0.9828920897290362
0.9829981021795363
0.9831034873624966
0.983208248989411
0.9833123907498127
0.9834159163114045
0.9835188293201873
0.9836211334005892
0.9837228321555928
0.9838239291668619
0.9839244279948681
0.984024332179016
0.9841236452377675
0.9842223706687665
0.9843205119489612
0.984418072534727
0.9845150558619885
0.9846114653463399
0.9847073043831658
0.9848025763477604
0.9848972845954465
0.9849914324616938
0.9850850232622366
0.9851780602931897
0.9852705468311653
0.9853624861333883
0.9854538814378105
0.9855447359632253
0.9856350529093806
0.9857248354570916
0.9858140867683528
0.9859028099864497
0.9859910082360691
0.9860786846234091
0.9861658422362888
0.9862524841442569
0.9863386133986999
0.9864242330329492
0.9865093460623886
0.9865939554845599
0.9866780642792685
0.986761675408689
0.9868447918174685
0.9869274164328312
0.987009552164681
0.9870912019057042
0.9871723685314712
0.9872530549005379
0.9873332638545465
0.9874129982183251
0.9874922607999878
0.9875710543910332
0.9876493817664428
0.9877272456847788
0.9878046488882811
0.9878815941029642
0.9879580840387125
0.9880341213893769
0.9881097088328684
0.9881848490312534
0.9882595446308468
0.9883337982623055
0.9884076125407212
0.988480990065712
0.9885539334215145
0.9886264451770745
0.9886985278861377
0.988770184087339
0.9888414163042929
0.9889122270456817
0.9889826188053439
0.9890525940623622
0.989122155281151
0.9891913049115426
0.9892600453888741
0.9893283791340727
0.9893963085537413
0.9894638360402429
0.9895309639717854
0.9895976947125048
0.9896640306125487
0.9897299740081591
0.9897955272217547
0.9898606925620125
0.9899254723239492
0.9899898687890024
0.9900538842251102
0.9901175208867917
0.9901807810152261
0.9902436668383318
0.9903061805708446
0.9903683244143962
0.9904301005575911
0.990491511176084
0.9905525584326568
0.9906132444772939
0.9906735714472588
0.9907335414671686
0.9907931566490695
0.9908524190925109
0.990911330884619
0.990969894100171
0.9910281108016675
0.9910859830394058
0.9911435128515513
0.9912007022642102
0.9912575532915001
0.9913140679356213
0.991370248186927
0.991426096023994
0.9914816134136919
0.9915368023112524
0.9915916646603383
0.991646202393112
0.991700417430303
0.9917543116812766
0.9918078870441002
0.9918611454056104
0.9919140886414799
0.9919667186162827
0.9920190371835607
0.9920710461858882
0.9921227474549372
0.9921741428115421
0.9922252340657635
0.9922760230169515
0.9923265114538102
0.9923767011544599
0.9924265938864997
0.9924761914070701
0.9925254954629148
0.992574507790442
0.9926232301157858
0.9926716641548669
0.9927198116134529
0.9927676741872188
0.9928152535618061
0.9928625514128827
0.9929095694062017
0.9929563091976598
0.9930027724333561
0.99304896074965
0.9930948757732184
0.9931405191211135
0.9931858924008192
0.9932309972103085
0.993275835138099
0.9933204077633092
0.9933647166557142
0.9934087633758008
0.9934525494748223
0.9934960764948538
0.9935393459688457
0.9935823594206782
0.9936251183652147
0.9936676243083555
0.9937098787470904
0.9937518831695515
0.9937936390550662
0.9938351478742085
0.9938764110888509
0.9939174301522168
0.9939582065089303
0.9939987415950682
0.9940390368382098
0.9940790936574879
0.9941189134636382
0.9941584976590492
0.9941978476378115
0.9942369647857671
0.9942758504805579
0.9943145060916747
0.9943529329805049
0.9943911325003807
0.9944291059966268
0.9944668548066077
0.9945043802597747
0.9945416836777131
0.9945787663741882
0.994615629655192
0.9946522748189891
0.9946887031561622
0.9947249159496577
0.9947609144748313
0.9947966999994919
0.9948322737839475
0.9948676370810484
0.9949027911362323
0.9949377371875675
0.9949724764657969
0.995007010194381
0.9950413395895413
0.9950754658603032
0.995109390208538
0.9951431138290058
0.9951766379093974
0.9952099636303762
0.9952430921656196
0.9952760246818605
0.9953087623389283
0.9953413062897898
0.9953736576805897
0.9954058176506911
0.9954377873327157
0.9954695678525834
0.9955011603295523
0.9955325658762576
0.9955637855987515
0.9955948205965415
0.9956256719626295
0.9956563407835503
0.9956868281394096
0.9957171351039222
0.99574726274445
0.9957772121220392
0.9958069842914579
0.9958365803012332
0.9958660011936884
0.9958952480049791
0.9959243217651302
0.9959532234980721
0.9959819542216766
0.9960105149477927
0.9960389066822826
0.9960671304250568
0.9960951871701094
0.9961230779055531
0.996150803613654
0.9961783652708663
0.9962057638478665
0.9962330003095877
0.9962600756152535
0.9962869907184121
0.9963137465669692
0.9963403441032224
0.9963667842638931
0.9963930679801608
0.9964191961776949
0.996445169776688
0.9964709896918875
0.9964966568326289
0.9965221721028669
0.9965475364012075
0.99657275062094
0.9965978156500679
0.9966227323713406
0.9966475016622843
0.996672124395233
0.996696601437359
0.9967209336507039
0.9967451218922084
0.9967691670137429
0.9967930698621371
0.9968168312792104
0.9968404521018011
0.9968639331617959
0.9968872752861594
0.9969104792969631
0.9969335460114143
0.996956476241885
0.9969792707959404
0.9970019304763675
0.9970244560812033
0.9970468484037627
0.9970691082326667
0.9970912363518701
0.9971132335406891
0.9971351005738288
0.9971568382214103
0.9971784472489981
0.9971999284176267
0.9972212824838279
0.9972425101996569
0.9972636123127193
0.9972845895661969
0.9973054426988743
0.9973261724451649
0.9973467795351363
0.9973672646945366
0.9973876286448198
0.9974078721031707
0.997427995782531
0.9974480003916238
0.9974678866349787
0.9974876552129566
0.9975073068217746
0.9975268421535303
0.997546261896226
0.9975655667337935
0.9975847573461175
0.9976038344090601
0.9976227985944841
0.9976416505702773
0.9976603910003755
0.9976790205447859
0.9976975398596106
0.9977159495970698
0.9977342504055241
0.9977524429294983
0.9977705278097032
0.9977885056830589
0.9978063771827166
0.9978241429380813
0.9978418035748339
0.9978593597149531
0.9978768119767376
0.9978941609748275
0.9979114073202261
0.9979285516203216
0.9979455944789081
0.9979625364962074
0.9979793782688895
0.9979961203900942
0.9980127634494517
0.9980293080331032
0.998045754723722
0.9980621041005336
0.9980783567393364
0.9980945132125218
0.9981105740890944
0.9981265399346919
0.9981424113116054
0.9981581887787988
0.9981738728919287
0.9981894642033641
0.9982049632622053
0.9982203706143039
0.9982356868022817
0.9982509123655497
0.9982660478403276
0.9982810937596618
0.9982960506534452
0.998310919048435
0.998325699468272
0.9983403924334981
0.9983549984615758
0.9983695180669054
0.9983839517608438
0.998398300051722
0.9984125634448634
0.9984267424426014
0.9984408375442971
0.9984548492463571
0.9984687780422504
0.9984826244225267
0.9984963888748326
0.9985100718839298
0.9985236739317115
0.9985371954972195
0.9985506370566614
0.9985639990834267
0.9985772820481045
0.9985904864184988
0.9986036126596461
0.9986166612338312
0.9986296326006034
0.9986425272167933
0.9986553455365279
0.9986680880112477
0.9986807550897218
0.9986933472180639
0.9987058648397483
0.9987183083956251
0.998730678323936
0.9987429750603297
0.9987551990378772
0.998767350687087
0.9987794304359202
0.998791438709806
0.998803375931656
0.9988152425218798
0.9988270388983993
0.9988387654766635
0.9988504226696634
0.9988620108879462
0.9988735305396301
0.9988849820304184
0.998896365763614
0.9989076821401331
0.9989189315585203
0.9989301144149615
0.9989412311032987
0.9989522820150435
0.998963267539391
0.9989741880632335
0.9989850439711737
0.9989958356455392
0.999006563466395
0.9990172278115576
0.9990278290566076
0.9990383675749036
0.9990488437375951
0.9990592579136353
0.9990696104697945
0.9990799017706727
0.9990901321787129
0.9991003020542133
0.9991104117553402
0.9991204616381408
0.9991304520565556
0.9991403833624307
0.9991502559055306
0.9991600700335501
0.9991698260921267
0.9991795244248528
0.999189165373288
0.9991987492769705
0.9992082764734299
0.9992177472981986
0.9992271620848233
0.9992365211648776
0.9992458248679729
0.9992550735217705
0.9992642674519927
0.9992734069824349
0.9992824924349765
0.999291524129592
0.9993005023843631
0.9993094275154892
0.9993182998372989
0.9993271196622608
0.9993358873009949
0.9993446030622828
0.9993532672530796
0.9993618801785239
0.9993704421419488
0.9993789534448928
0.99938741438711
0.9993958252665809
0.9994041863795229
0.9994124980204009
0.9994207604819372
0.9994289740551222
0.9994371390292245
0.9994452556918012
0.9994533243287079
0.9994613452241088
0.9994693186604866
0.9994772449186529
0.9994851242777574
0.9994929570152984
0.999500743407132
0.9995084837274822
0.9995161782489506
0.9995238272425254
0.9995314309775919
0.999538989721941
0.9995465037417794
0.9995539733017388
0.9995613986648847
0.9995687800927262
0.9995761178452253
0.9995834121808055
0.9995906633563615
0.9995978716272678
0.9996050372473879
0.9996121604690833
0.9996192415432221
0.9996262807191884
0.9996332782448902
0.9996402343667691
0.9996471493298082
0.9996540233775414
0.9996608567520613
0.9996676496940281
0.9996744024426782
0.9996811152358325
0.9996877883099045
0.9996944218999089
0.9997010162394699
0.9997075715608295
0.9997140880948552
0.9997205660710489
0.9997270057175541
0.9997334072611649
0.999739770927333
0.9997460969401765
0.999752385522487
0.9997586368957383
0.9997648512800934
0.9997710288944129
0.9997771699562622
0.9997832746819195
0.9997893432863832
0.9997953759833798
0.9998013729853708
0.9998073345035609
0.999813260747905
0.9998191519271158
0.9998250082486709
0.9998308299188206
0.9998366171425944
0.9998423701238089
0.9998480890650748
0.9998537741678039
0.999859425632216
0.9998650436573465
0.9998706284410532
0.999876180180023
0.9998816990697791
0.9998871853046877
0.999892639077965
0.9998980605816841
0.9999034500067814
0.9999088075430638
0.9999141333792148
0.9999194277028017
0.999924690700282
0.9999299225570097
0.9999351234572424
0.9999402935841474
0.9999454331198079
0.9999505422452301
0.9999556211403489
0.9999606699840348
0.9999656889540998
0.9999706782273038
0.9999756379793608
0.9999805683849453
0.9999854696176981
0.9999903418502325
0.9999951852541407
0.9999999999999992
