0.0
0.0002646112739885868
0.000535513407498053
0.0008128559592108951
0.0010967920434126928
0.0013874784145228977
0.0016850755536352527
0.0019897477571156215
0.00230166322730614
0.0026209941653857634
0.00294791686643848
0.0032826118167816705
0.003625263793608349
0.003976061966998297
0.004335200004354406
0.004702876177321883
0.005079293471249357
0.0054646596972522995
0.00585918760694065
0.006263095009873957
0.006676604893808911
0.007099945547805619
0.007533350688260623
0.007977059587936208
0.008431317208057254
0.008896374333548559
0.009372487711487278
0.009859920192846938
0.010358940877611262
0.010869825263337931
0.011392855397254285
0.011928320031968954
0.01247651478488537
0.013037742301405156
0.013612312422011533
0.014200542353324937
0.014802756843225323
0.015419288360137812
0.01605047727658067
0.016696672057076957
0.017358229450533582
0.018035514687193947
0.018728901680272973
0.019438773232385766
0.02016552124688392
0.02090954694421611
0.021671261083432463
0.02245108418895493
0.023249446782738922
0.02406678962195432
0.024903563942317124
0.025760231707206063
0.026637265862701678
0.02753515059868871
0.028454381616165928
0.029395466400910952
0.0303589245036512
0.03134528782689559
0.0323551009185854
0.033388921272726316
0.03444731963716775
0.03553088032869929
0.0366402015556382
0.03777589574808614
0.0389385898960374
0.04012892589552529
0.04134756090299779
0.04259516769811819
0.04387243505519082
0.04518006812341714
0.04651878881619201
0.047889336209655006
0.049292466950717005
0.050728955674787045
0.05219959543343032
0.05370519813219324
0.055246594978837334
0.05682463694222949
0.05844019522214178
0.06009416173022034
0.06178744958238877
0.06352099360295788
0.06529575084072017
0.06711270109731397
0.06897284746814873
0.07087721689619042
0.07282686073891251
0.07482285534872565
0.07686630266720648
0.07895833083345359
0.08110009480690653
0.08329277700497166
0.085537587955807
0.08783576696662623
0.09018858280789102
0.09259733441376929
0.09506335159924613
0.09758799579428333
0.10017266079543277
0.10281877353531865
0.10546488627520453
0.10810320245053488
0.11073374503327833
0.11335653692771841
0.11597160097065295
0.11857895993159297
0.12117863651296087
0.12377065335028817
0.12635503301241252
0.12893179800167429
0.13150097075411243
0.13406257363965987
0.13661662896233828
0.1391631589604523
0.1417021858067831
0.14423373160878147
0.14675781840876037
0.1492744681840868
0.1517837028473731
0.1542855442466679
0.1567800141656462
0.1592671343237991
0.16174692637662297
0.1642194119158079
0.16668461246942579
0.1691425495021177
0.17159324441528087
0.17403671854725494
0.17647299317350784
0.17890208950682096
0.18132402869747388
0.1837388318334286
0.18614651994051298
0.18854711398260404
0.1909406348618103
0.19332710341865383
0.1957065404322518
0.19807896662049726
0.20044440264023966
0.20280286908746464
0.2051543864974734
0.2074989753450614
0.2098366560446968
0.2121674489506981
0.2144913743574114
0.21680845249938702
0.21911870355155583
0.22142214762940482
0.2237188047891523
0.22600869502792245
0.22829183828391952
0.2305682544366014
0.23283796330685266
0.23510098465715723
0.2373573381917704
0.23960704355689044
0.24185012034082962
0.24408658807418473
0.24631646623000725
0.2485397742239728
0.25075653141455023
0.2529667571031702
0.2551704705343931
0.257367690896077
0.25955843731954403
0.26174272887974775
0.2639205845954387
0.26609202342933014
0.2682570642882632
0.2704157260233715
0.2725680274302452
0.27471398724909485
0.2768536241649143
0.2789869568076436
0.28111400375233114
0.28323478351929526
0.2853493145742858
0.2874576153286446
0.289559704139466
0.29165559930975654
0.29374531908859436
0.2958288816712882
0.2979063051995356
0.2999776077615811
0.3020428073923737
0.3041019220737238
0.3061549697344596
0.3082019682505837
0.3102429354454283
0.3122778890898106
0.31430684690218735
0.3163298265488094
0.3183468456438754
0.3203579217496849
0.3223630723767918
0.3243623149841563
0.32635566697929724
0.32834314571844353
0.33032476850668535
0.33230055259812474
0.3342705151960259
0.3362346734529649
0.3381930444709792
0.3401456453017163
0.3420924929465825
0.3440336043568907
0.34596899643400797
0.3478986860295031
0.34982268994529275
0.3517410249337883
0.3536537076980412
0.355560754891889
0.35746218312009964
0.35935800893851666
0.36124824885420304
0.363132919325585
0.36501203676259525
0.3668856175268159
0.368753677931621
0.3706162342423185
0.3724733026762918
0.37432489940314123
0.3761710405448245
0.37801174217579725
0.3798470203231531
0.38167689096676294
0.38350137003941437
0.38532047342695014
0.38713421696840666
0.38894261645615186
0.3907456876360227
0.39254344620746223
0.39433590782365635
0.3961230880916701
0.3979050025725834
0.39968166678162675
0.40145309618831626
0.4032193062165883
0.40498031224493375
0.40673612960653205
0.40848677358938457
0.4102322594364478
0.4119726023457661
0.41370781747060387
0.4154379199195777
0.41716292475678773
0.418882847001949
0.42059770163052207
0.4223075035738435
0.4240122677192558
0.42571200891023714
0.4274067419465305
0.4290964815842726
0.4307812425361223
0.43246103947138886
0.43413588701615946
0.4358057997534267
0.43747079222321555
0.4391308789227099
0.4407860743063789
0.4424363927861026
0.44408184873129763
0.44572245646904235
0.44735823028420135
0.4489891844195501
0.4506153330758988
0.452236690412216
0.45385327054575203
0.4554650875521619
0.45707215546562774
0.458674488278981
0.46027209994382445
0.4618650043706535
0.4634532154289773
0.4650367469474398
0.46661561271393964
0.4681898264757507
0.4697594019396415
0.47132435277199464
0.47288469259892585
0.47444043500640254
0.4759915935403621
0.4775381817068299
0.47908021297203685
0.48061770076253674
0.4821506584653229
0.4836790994279451
0.48520303695862554
0.4867224843263747
0.4882374547611071
0.48974796145375615
0.4912540175563894
0.4927556361823229
0.494252830406235
0.49574561326428096
0.49723399775420574
0.49871799683545753
0.5001976234293005
0.5016728904189275
0.5031438106495718
0.5046103969286193
0.50607266202572
0.5075306186728991
0.5089842795646677
0.5104336573581338
0.5118787646731121
0.5133196140922339
0.5147562181610569
0.5161885893881741
0.5176167402453233
0.5190406831674949
0.5204604305530407
0.5218759947637818
0.523287388125116
0.5246946229261255
0.5260977114196834
0.527496665822561
0.5288914983155337
0.5302822210434871
0.5316688461155228
0.533051385605064
0.5344298515499606
0.5358042559525936
0.5371746107799803
0.5385409279638779
0.5399032194008876
0.5412614969525582
0.5426157724454895
0.543966057671435
0.5453123643874048
0.5466547043157679
0.5479930891443542
0.5493275305265563
0.550658040081431
0.5519846293938007
0.5533073100143535
0.5546260934597448
0.5559409912126969
0.5572520147220991
0.5585591754031074
0.5598624846372442
0.5611619537724968
0.5624575941234168
0.5637494169712182
0.5650374335638757
0.566321655116223
0.56760209281005
0.5688787577942005
0.5701516611846688
0.5714208140646968
0.5726862274848709
0.5739479124632174
0.575205879985299
0.5764601410043104
0.5777107064411734
0.5789575871846322
0.5802007940913482
0.5814403379859944
0.5826762296613499
0.5839084798783937
0.5851370993663981
0.586362098823023
0.587583488914408
0.588801280275266
0.5900154835089755
0.5912261091876728
0.5924331678523446
0.593636670012919
0.5948366261483576
0.5960330467067467
0.5972259421053879
0.5984153227308892
0.599601198939255
0.6007835810559768
0.6019624793761229
0.6031379041644278
0.6043098656553818
0.6054783740533202
0.6066434395325118
0.6078050722372478
0.6089632822819301
0.6101180797511594
0.6112694746998226
0.6124174771531811
0.6135620971069571
0.6147033445274217
0.6158412293514809
0.6169757614867624
0.6181069508117019
0.619234807175629
0.620359340398853
0.6214805602727486
0.6225984765598408
0.6237130989938902
0.6248244372799774
0.6259325010945881
0.6270373000856968
0.6281388438728509
0.6292371420472547
0.6303322041718528
0.631424039781413
0.6325126583826103
0.6335980694541083
0.634680282446643
0.6357593067831041
0.6368351518586179
0.6379078270406285
0.6389773416689796
0.6400437050559955
0.641106926486563
0.6421670152182113
0.6432239804811932
0.6442778314785652
0.6453285773862677
0.6463762273532049
0.6474207905013245
0.6484622759256973
0.6495006926945958
0.6505360498495737
0.6515683564055446
0.6525976213508602
0.6536238536473888
0.6546470622305932
0.6556672560096086
0.6566844438673202
0.6576986346604403
0.6587098372195858
0.6597180603493545
0.6607233128284027
0.6617256034095206
0.6627249408197091
0.6637213337602559
0.6647147909068108
0.6657053209094617
0.6666929323928092
0.6676776339560427
0.6686594341730147
0.6696383415923152
0.6706143647373467
0.6715875121063981
0.6725577921727188
0.6735252133845925
0.6744897841654104
0.6754515129137451
0.6764104080034232
0.6773664777835989
0.678319730578826
0.6792701746891305
0.6802178183900834
0.6811626699328721
0.6821047375443725
0.6830440294272209
0.6839805537598849
0.684914318696735
0.6858453323681155
0.6867736028804153
0.6876991383161385
0.6886219467339745
0.6895420361688686
0.6904594146320917
0.6913740901113102
0.6922860705706554
0.6931953639507928
0.6941019781689917
0.6950059211191932
0.6959072006720801
0.6968058246751445
0.6977018009527566
0.6985951373062327
0.699485841513903
0.7003739213311798
0.7012593844906243
0.7021422387020145
0.7030224916524122
0.7039001510062296
0.7047752244052966
0.705647719468927
0.7065176437939847
0.7073850049549503
0.7082498105039865
0.7091120679710043
0.7099717848637286
0.7108289686677629
0.7116836268466553
0.7125357668419631
0.7133853960733175
0.7142325219384885
0.7150771518134491
0.7159192930524395
0.7167589529880313
0.7175961389311911
0.7184308581713446
0.7192631179764393
0.7200929255930087
0.7209202882462349
0.7217452131400113
0.7225677074570058
0.7233877783587231
0.7242054329855672
0.7250206784569031
0.7258335218711195
0.7266439703056902
0.7274520308172355
0.7282577104415844
0.7290610161938349
0.7298619550684158
0.7306605340391473
0.7314567600593019
0.7322506400616646
0.7330421809585937
0.7338313896420808
0.7346182729838105
0.7354028378352209
0.7361850910275625
0.7369650393719583
0.7377426896594629
0.7385180486611213
0.7392911231280284
0.7400619197913874
0.7408304453625686
0.7415967065331678
0.7423607099750645
0.7431224623404801
0.7438819702620354
0.7446392403528092
0.745394279206395
0.7461470933969591
0.7468976894792971
0.747646073988892
0.74839225344197
0.749136234335558
0.7498780231475398
0.7506176263367128
0.7513550503428438
0.7520903015867255
0.7528233864702323
0.7535543113763756
0.7542830826693603
0.7550097066946393
0.7557341897789692
0.7564565382304654
0.7571767583386568
0.7578948563745408
0.7586108385906376
0.7593247112210451
0.7600364804814927
0.7607461525693959
0.7614537336639098
0.762159229925983
0.7628626474984115
0.7635639925058921
0.7642632710550756
0.76496048923462
0.7656556531152435
0.7663487687497774
0.767039842173219
0.7677288794027837
0.7684158864379577
0.7691008692605503
0.7697838338347459
0.7704647861071557
0.7711437320068698
0.7718206774455086
0.7724956283172746
0.7731685904990032
0.7738395698502144
0.7745085722131634
0.7751756034128917
0.7758406692572779
0.7765037755370879
0.7771649280260259
0.777824132480784
0.7784813946410928
0.7791367202297713
0.7797901149527766
0.7804415844992535
0.7810911345415844
0.7817387707354384
0.7823844987198205
0.783028324117121
0.783670252533164
0.7843102895572568
0.7849484407622379
0.7855847117045263
0.7862191079241689
0.7868516349448899
0.7874822982741377
0.7881111034031338
0.7887380558069202
0.7893631609444071
0.7899864242584201
0.7906078511757485
0.7912274471071916
0.7918452174476065
0.7924611675759544
0.7930753028553481
0.7936876286330984
0.7942981502407604
0.7949068729941806
0.7955138021935425
0.796118943123413
0.7967223010527885
0.7973238812351408
0.7979236889084625
0.7985217292953134
0.7991180076028648
0.7997125290229458
0.8003052987320882
0.8008963218915714
0.8014856036474678
0.8020731491306868
0.8026589634570205
0.8032430517271872
0.8038254190268769
0.8044060704267946
0.8049850109827049
0.8055622457354762
0.8061377797111242
0.8067116179208559
0.8072837653611131
0.8078542270136161
0.8084230078454068
0.8089901128088922
0.8095555468418875
0.8101193148676586
0.810681421794966
0.8112418725181065
0.8118006719169564
0.8123578248570137
0.8129133361894407
0.8134672107511061
0.8140194533646271
0.8145700688384115
0.8151190619666995
0.8156664375296053
0.8162122002931591
0.8167563550093482
0.8172989064161585
0.8178398592376162
0.8183792181838278
0.8189169879510224
0.8194531732215921
0.8199877786641322
0.8205208089334827
0.8210522686707684
0.8215821625034394
0.8221104950453114
0.8226372708966058
0.8231624946439897
0.8236861708606162
0.8242083041061639
0.8247288989268764
0.8252479598556025
0.8257654914118351
0.8262814981017508
0.8267959844182492
0.8273089548409918
0.8278204138364411
0.8283303658578998
0.8288388153455489
0.8293457667264871
0.8298512244147687
0.8303551928114424
0.8308576763045898
0.8313586792693631
0.8318582060680236
0.8323562610499795
0.8328528485518236
0.8333479728973716
0.8338416383976993
0.8343338493511802
0.8348246100435229
0.8353139247478087
0.8358017977245286
0.8362882332216199
0.8367732354745044
0.8372568087061243
0.837738957126979
0.8382196849351621
0.838698996316398
0.8391768954440781
0.8396533864792972
0.8401284735708898
0.8406021608554661
0.8410744524574483
0.841545352489106
0.8420148650505925
0.8424829942299805
0.8429497441032973
0.8434151187345603
0.8438791221758131
0.8443417584671598
0.8448030316368008
0.845262945701068
0.845721504664459
0.8461787125196728
0.8466345732476442
0.8470890908175784
0.8475422691869857
0.8479941123017157
0.8484446240959923
0.848893808492447
0.8493416694021539
0.8497882107246635
0.8502334363480363
0.8506773501488771
0.8511199559923686
0.8515612577323048
0.8520012592111252
0.8524399642599476
0.8528773766986018
0.8533135003356626
0.8537483389684832
0.8541818963832285
0.8546141763549073
0.8550451826474059
0.8554749190135206
0.8559033891949902
0.856330596922529
0.8567565459158588
0.8571812398837417
0.8576046825240122
0.8580268775236095
0.8584478285586092
0.8588675392942561
0.8592860133849951
0.859703254474504
0.8601192661957248
0.8605340521708948
0.8609476160115793
0.8613599613187021
0.861771091682577
0.8621810106829396
0.8625897218889779
0.8629972288593635
0.8634035351422826
0.8638086442754672
0.8642125597862256
0.8646152851914728
0.8650168239977619
0.8654171797013142
0.8658163557880493
0.8662143557336162
0.8666111830034229
0.867006841052667
0.8674013333263656
0.8677946632593853
0.868186834276472
0.8685778497922813
0.8689677132114072
0.8693564279284128
0.8697439973278591
0.8701304247843349
0.8705157136624859
0.8708998673170444
0.8712828890928579
0.8716647823249187
0.872045550338393
0.8724251964486495
0.8728037239612882
0.8731811361721699
0.8735574363674439
0.8739326278235775
0.874306713807384
0.8746796975760512
0.8750515823771701
0.8754223714487626
0.8757920680193102
0.876160675307782
0.8765281965236624
0.8768946348669797
0.8772599935283333
0.8776242756889217
0.8779874845205703
0.8783496231857592
0.8787106948376502
0.8790707026201147
0.8794296496677607
0.8797875391059607
0.8801443740508784
0.8805001576094958
0.8808548928796406
0.8812085829500128
0.881561230900212
0.8819128398007638
0.8822634127131471
0.88261295268982
0.8829614627742468
0.8833089460009247
0.8836554053954098
0.8840008439743438
0.8843452647454799
0.8846886707077094
0.8850310648510874
0.8853724501568592
0.885712829597486
0.8860522061366709
0.8863905827293848
0.8867279623218917
0.8870643478517749
0.8873997422479624
0.8877341484307522
0.8880675693118378
0.8884000077943339
0.8887314667728011
0.8890619491332716
0.8893914577532741
0.8897199955018588
0.8900475652396224
0.8903741698187333
0.8906998120829561
0.8910244948676765
0.8913482209999259
0.8916709932984062
0.891992814573514
0.8923136876273654
0.8926336152538203
0.8929526002385068
0.893270645358845
0.8935877533840721
0.8939039270752656
0.8942191691853676
0.8945334824592092
0.8948468696335338
0.8951593334370214
0.895470876590312
0.8957815018060296
0.8960912117888055
0.8964000092353022
0.8967078968342365
0.8970148772664032
0.8973209532046983
0.8976261273141424
0.8979304022519038
0.8982337806673216
0.898536265201929
0.8988378584894758
0.8991385631559521
0.8994383818196103
0.8997373170909887
0.9000353715729336
0.9003325478606221
0.9006288485415852
0.9009242761957297
0.9012188333953609
0.9015125227052052
0.901805346682432
0.9020973078766762
0.9023884088300606
0.9026786520772175
0.9029680401453116
0.9032565755540611
0.9035442608157602
0.9038310984353009
0.9041170909101943
0.9044022407305934
0.9046865503793138
0.9049700223318558
0.9052526590564256
0.9055344630139573
0.905815436658134
0.9060955824354091
0.9063749027850277
0.9066534001390482
0.9069310769223625
0.9072079355527184
0.9074839784407396
0.9077592079899471
0.9080336265967803
0.9083072366506176
0.9085800405337973
0.9088520406216382
0.9091232392824604
0.9093936388776063
0.9096632417614602
0.90993205028147
0.9102000667781665
0.9104672935851846
0.9107337330292834
0.9109993874303662
0.911264259101501
0.9115283503489403
0.9117916634721417
0.9120542007637874
0.9123159645098046
0.912576956989385
0.9128371804750051
0.9130966372324453
0.9133553295208104
0.913613259592549
0.9138704296934728
0.9141268420627763
0.9143824989330567
0.9146374025303328
0.9148915550740647
0.9151449587771731
0.9153976158460583
0.9156495284806198
0.9159006988742752
0.9161511292139793
0.9164008216802435
0.916649778447154
0.9168980016823917
0.9171454935472502
0.9173922561966553
0.9176382917791834
0.9178836024370803
0.9181281903062799
0.9183720575164225
0.9186152061908738
0.9188576384467431
0.9190993563949017
0.9193403621400016
0.9195806577804935
0.9198202454086452
0.9200591271105597
0.9202973049661936
0.9205347810493749
0.9207715574278215
0.9210076361631585
0.9212430193109371
0.9214777089206516
0.9217117070357578
0.9219450156936905
0.9221776369258815
0.922409572757777
0.9226408252088555
0.9228713962926451
0.9231012880167415
0.9233305023828249
0.9235590413866778
0.9237869070182022
0.9240141012614371
0.9242406260945758
0.9244664834899827
0.924691675414211
0.9249162038280196
0.9251400706863903
0.9253632779385442
0.9255858275279597
0.9258077213923888
0.9260289614638737
0.9262495496687645
0.9264694879277351
0.9266887781558004
0.9269074222623329
0.9271254221510792
0.9273427797201768
0.9275594968621702
0.927775575464028
0.9279910174071588
0.9282058245674278
0.9284199988151732
0.9286335420152223
0.9288464560269079
0.9290587427040843
0.9292704038951436
0.9294814414430319
0.9296918571852651
0.929901652953945
0.9301108305757753
0.9303193918720772
0.9305273386588061
0.9307346727465662
0.9309413959406272
0.9311475100409398
0.931353016842151
0.9315579181336203
0.9317622156994348
0.9319659113184251
0.9321690067641805
0.9323715038050644
0.9325734042042302
0.932774709719636
0.9329754221040606
0.9331755431051179
0.9333750744652728
0.9335740179218562
0.9337723752070801
0.9339701480480527
0.9341673381667932
0.9343639472802473
0.9345599771003016
0.9347554293337988
0.9349503056825529
0.935144607843363
0.9353383375080291
0.9355314963633665
0.9357240860912203
0.93591610836848
0.9361075648670947
0.9362984572540869
0.9364887871915674
0.9366785563367498
0.9368677663419648
0.9370564188546747
0.9372445155174877
0.9374320579681719
0.9376190478396702
0.937805486760114
0.9379913763528376
0.9381767182363921
0.93836151402456
0.9385457653263686
0.9387294737461044
0.938912640883327
0.9390952683328833
0.9392773576849205
0.9394589105249012
0.9396399284336161
0.9398204129871985
0.9400003657571377
0.9401797883102927
0.9403586822089057
0.9405370490106162
0.9407148902684739
0.9408922075309527
0.9410690023419642
0.9412452762408708
0.9414210307624994
0.9415962674371545
0.9417709877906318
0.9419451933442313
0.9421188856147708
0.9422920661145985
0.942464736351607
0.9426368978292458
0.9428085520465347
0.9429797004980767
0.943150344674071
0.9433204860603261
0.9434901261382729
0.943659266384977
0.9438279082731522
0.9439960532711731
0.9441637028430875
0.9443308584486299
0.9444975215432335
0.9446636935780436
0.9448293759999292
0.9449945702514968
0.945159277771102
0.9453234999928626
0.9454872383466707
0.9456504942582055
0.9458132691489454
0.9459755644361807
0.9461373815330257
0.946298721848431
0.9464595867871959
0.9466199777499805
0.946779896133318
0.9469393433296269
0.947098320727223
0.9472568297103314
0.947414871659099
0.9475724479496058
0.9477295599538776
0.9478862090398976
0.9480423965716183
0.9481981239089732
0.9483533924078892
0.948508203420298
0.9486625582941477
0.9488164583734151
0.9489699049981168
0.9491228995043214
0.9492754432241606
0.9494275374858413
0.9495791836136569
0.9497303829279988
0.949881136745368
0.9500314463783865
0.950181313135809
0.9503307383225337
0.950479723239614
0.9506282691842703
0.9507763774499006
0.9509240493260918
0.9510712860986313
0.9512180890495182
0.951364459456974
0.9515103985954542
0.951655907735659
0.951800988144545
0.9519456410853353
0.9520898678175315
0.9522336695969237
0.9523770476756023
0.9525200033019683
0.9526625377207445
0.9528046521729862
0.9529463478960919
0.9530876261238144
0.9532284880862711
0.9533689350099553
0.9535089681177463
0.9536485886289202
0.9537877977591608
0.9539265967205698
0.9540649867216777
0.9542029689674542
0.9543405446593183
0.9544777149951496
0.9546144811692977
0.9547508443725937
0.9548868057923597
0.9550223666124195
0.9551575280131087
0.9552922911712854
0.9554266572603402
0.955560627450206
0.9556942029073691
0.9558273847948784
0.9559601742723561
0.956092572496008
0.9562245806186327
0.9563561997896325
0.9564874311550229
0.956618275857443
0.9567487350361649
0.9568788098271042
0.9570085013628293
0.957137810772572
0.9572667391822365
0.9573952877144098
0.9575234574883713
0.9576512496201025
0.9577786652222967
0.9579057054043688
0.9580323712724649
0.9581586639294718
0.958284584475027
0.9584101340055277
0.9585353136141408
0.9586601243908124
0.9587845674222768
0.9589086437920666
0.9590323545805219
0.9591557008647995
0.9592786837188825
0.9594013042135895
0.9595235634165842
0.9596454623923844
0.9597670022023713
0.9598881839047991
0.9600090085548036
0.960129477204412
0.9602495909025516
0.9603693506950591
0.96048875762469
0.9606078127311272
0.9607265170509901
0.960844871617844
0.960962877462209
0.9610805356115685
0.9611978470903787
0.9613148129200774
0.9614314341190925
0.9615477117028516
0.9616636466837901
0.9617792400713606
0.9618944928720412
0.9620094060893446
0.9621239807238267
0.9622382177730953
0.9623521182318189
0.9624656830917352
0.96257891334166
0.9626918099674955
0.9628043739522388
0.9629166062759912
0.9630285079159657
0.9631400798464964
0.9632513230390464
0.9633622384622164
0.9634728270817532
0.9635830898605584
0.9636930277586961
0.9638026417334019
0.9639119327390909
0.9640209017273661
0.9641295496470266
0.9642378774440761
0.9643458860617308
0.9644535764404278
0.9645609495178334
0.9646680062288512
0.9647747475056299
0.9648811742775718
0.964987287471341
0.9650930880108711
0.9651985768173733
0.9653037548093447
0.965408622902576
0.9655131820101597
0.9656174330424978
0.96572137690731
0.9658250145096413
0.9659283467518703
0.9660313745337168
0.9661340987522494
0.9662365203018938
0.96633864007444
0.966440458959051
0.9665419778422694
0.9666431976080259
0.9667441191376467
0.9668447433098614
0.9669450710008103
0.9670451030840523
0.9671448404305725
0.9672442839087896
0.9673434343845635
0.9674422927212032
0.9675408597794737
0.967639136417604
0.9677371234912944
0.9678348218537238
0.9679322323555576
0.9680293558449544
0.968126193167574
0.9682227451665844
0.9683190126826694
0.9684149965540357
0.9685106976164204
0.9686061167030979
0.9687012546448878
0.9687961122701613
0.9688906904048493
0.968984989872449
0.9690790114940311
0.9691727560882474
0.9692662244713371
0.969359417457135
0.9694523358570777
0.9695449804802108
0.9696373521331964
0.9697294516203196
0.9698212797434961
0.9699128373022783
0.9700041250938632
0.9700951439130988
0.9701858945524912
0.9702763778022111
0.9703665944501015
0.9704565452816839
0.9705462310801651
0.9706356526264447
0.970724810699121
0.9708137060744984
0.970902339526594
0.9709907118271444
0.971078823745612
0.9711666760491925
0.9712542695028208
0.9713416048691781
0.9714286829086983
0.9715155043795749
0.9716020700377674
0.9716883806370079
0.9717744369288076
0.9718602396624636
0.9719457895850652
0.9720310874415002
0.9721161339744622
0.972200929924456
0.9722854760298048
0.9723697730266563
0.9724538216489892
0.9725376226286198
0.9726211766952078
0.9727044845762632
0.9727875469971525
0.972870364681105
0.9729529383492188
0.9730352687204676
0.9731173565117067
0.9731992024376791
0.9732808072110218
0.9733621715422723
0.9734432961398745
0.9735241817101847
0.9736048289574784
0.9736852385839555
0.9737654112897474
0.9738453477729222
0.9739250487294916
0.9740045148534162
0.9740837468366121
0.9741627453689568
0.9742415111382947
0.974320044830444
0.974398347129202
0.9744764187163514
0.9745542602716657
0.9746318724729158
0.9747092559958757
0.9747864115143279
0.97486333970007
0.9749400412229201
0.9750165167507227
0.9750927669493544
0.9751687924827303
0.9752445940128087
0.9753201721995981
0.975395527701162
0.9754706611736249
0.9755455732711783
0.9756202646460861
0.9756947359486903
0.9757689878274167
0.9758430209287808
0.975916835897393
0.9759904333759643
0.9760638140053121
0.9761369784243656
0.9762099272701719
0.9762826611779004
0.9763551807808496
0.9764274867104517
0.9764995795962784
0.9765714600660468
0.9766431287456241
0.9767145862590335
0.9767858332284598
0.9768568702742543
0.9769276980149405
0.9769983170672197
0.977068728045976
0.9771389315642817
0.9772089282334028
0.9772787186628042
0.9773483034601553
0.9774176832313349
0.9774868585804365
0.9775558301097738
0.9776245984198858
0.9776931641095421
0.9777615277757481
0.9778296900137501
0.9778976514170405
0.9779654125773632
0.9780329740847185
0.978100336527368
0.9781675004918406
0.9782344665629367
0.9783012353237336
0.9783678073555907
0.9784341832381545
0.9785003635493635
0.9785663488654536
0.9786321397609625
0.9786977368087354
0.9787631405799294
0.9788283516440189
0.9788933705688003
0.9789581979203972
0.9790228342632649
0.9790872801601956
0.9791515361723236
0.9792156028591296
0.9792794807784457
0.9793431704864608
0.9794066725377247
0.9794699874851533
0.9795331158800337
0.9795960582720281
0.9796588152091796
0.9797213872379165
0.9797837749030568
0.9798459787478135
0.9799079993137992
0.9799698371410304
0.9800314927679324
0.9800929667313445
0.9801542595665238
0.9802153718071505
0.9802763039853324
0.9803370566316094
0.9803976302749583
0.9804580254427973
0.9805182426609903
0.9805782824538523
0.9806381453441531
0.9806978318531222
0.9807573425004535
0.9808166778043096
0.9808758382813263
0.9809348244466173
0.9809936368137784
0.9810522758948923
0.9811107422005327
0.9811690362397693
0.9812271585201713
0.9812851095478128
0.9813428898272767
0.9814004998616591
0.9814579401525739
0.9815152112001571
0.9815723135030707
0.9816292475585079
0.9816860138621967
0.9817426129084045
0.9817990451899424
0.9818553111981696
0.9819114114229972
0.9819673463528932
0.9820231164748862
0.9820787222745697
0.9821341642361067
0.9821894428422334
0.9822445585742638
0.9822995119120937
0.982354303334205
0.9824089333176697
0.982463402338154
0.9825177108699229
0.9825718593858439
0.9826258483573912
0.9826796782546497
0.9827333495463195
0.9827868626997196
0.9828402181807919
0.9828934164541058
0.9829464579828615
0.9829993432288947
0.9830520726526802
0.9831046467133362
0.9831570658686278
0.9832093305749718
0.9832614412874399
0.9833133984597628
0.9833652025443349
0.9834168539922171
0.9834683532531415
0.9835197007755152
0.9835708970064239
0.983621942391636
0.9836728373756067
0.9837235824014815
0.9837741779111002
0.9838246243450007
0.9838749221424231
0.983925071741313
0.983975073578326
0.9840249280888309
0.9840746357069137
0.9841241968653813
0.9841736119957658
0.9842228815283274
0.9842720058920587
0.9843209855146883
0.9843698208226845
0.9844185122412593
0.9844670601943716
0.984515465104731
0.9845637273938019
0.9846118474818069
0.9846598257877301
0.9847076627293216
0.9847553587231003
0.9848029141843578
0.9848503295271623
0.9848976051643619
0.9849447415075882
0.9849917389672599
0.9850385979525867
0.9850853188715725
0.9851319021310188
0.9851783481365287
0.9852246572925104
0.9852708300021803
0.9853168666675667
0.9853627676895135
0.9854085334676834
0.9854541644005619
0.9854996608854598
0.9855450233185178
0.9855902520947091
0.9856353476078432
0.9856803102505693
0.9857251404143798
0.9857698384896133
0.9858144048654586
0.9858588399299576
0.9859031440700089
0.9859473176713712
0.9859913611186667
0.986035274795384
0.986079059083882
0.9861227143653931
0.9861662410200261
0.9862096394267703
0.9862529099634979
0.986296053006968
0.9863390689328295
0.9863819581156246
0.9864247209287916
0.9864673577446691
0.986509868934498
0.9865522548684257
0.986594515915509
0.9866366524437171
0.9866786648199354
0.9867205534099678
0.9867623185785407
0.9868039606893059
0.9868454801048434
0.9868868771866653
0.9869281522952184
0.9869693057898871
0.9870103380289974
0.9870512493698194
0.9870920401685703
0.9871327107804181
0.9871732615594839
0.9872136928588459
0.9872540050305415
0.9872941984255712
0.9873342733939011
0.9873742302844662
0.9874140694451735
0.9874537912229048
0.9874933959635197
0.9875328840118591
0.9875722557117478
0.9876115114059971
0.9876506514364088
0.9876896761437773
0.987728585867893
0.987767380947545
0.9878060617205243
0.9878446285236265
0.987883081692655
0.9879214215624238
0.9879596484667602
0.9879977627385081
0.9880357647095307
0.9880736547107131
0.9881114330719658
0.9881491001222272
0.9881866561894664
0.9882241016006862
0.9882614366819259
0.9882986617582642
0.9883357771538219
0.9883727831917649
0.9884096801943069
0.9884464684827121
0.9884831483772983
0.9885197201974395
0.9885561842615684
0.9885925408871798
0.988628790390833
0.9886649330881543
0.9887009692938403
0.9887368993216603
0.9887727234844591
0.9888084420941596
0.9888440554617659
0.9888795638973655
0.9889149677101325
0.9889502672083299
0.9889854626993123
0.9890205544895289
0.9890555428845259
0.9890904281889492
0.9891252107065472
0.9891598907401733
0.9891944685917884
0.9892289445624639
0.989263318952384
0.9892975920608484
0.9893317641862751
0.9893658356262027
0.9893998066772932
0.9894336776353344
0.9894674487952427
0.9895011204510655
0.9895346928959838
0.9895681664223148
0.9896015413215143
0.9896348178841796
0.9896679964000515
0.9897010771580174
0.989734060446113
0.989766946551526
0.9897997357605973
0.9898324283588247
0.9898650246308643
0.9898975248605338
0.9899299293308145
0.9899622383238539
0.9899944521209683
0.990026571002645
0.990058595248545
0.9900905251375052
0.9901223609475409
0.9901541029558485
0.9901857514388073
0.9902173066719824
0.990248768930127
0.990280138487185
0.9903114156162927
0.9903426005897819
0.9903736936791818
0.9904046951552219
0.9904356052878337
0.9904664243461535
0.9904971525985247
0.9905277903124997
0.990558337754843
0.9905887951915329
0.9906191628877639
0.9906494411079494
0.9906796301157235
0.9907097301739436
0.9907397415446927
0.9907696644892814
0.9907994992682505
0.9908292461413731
0.9908589053676571
0.9908884772053468
0.990917961911926
0.9909473597441197
0.9909766709578965
0.9910058958084709
0.9910350345503051
0.9910640874371119
0.9910930547218565
0.9911219366567586
0.9911507334932949
0.991179445482201
0.991208072873474
0.991236615916374
0.991265074859427
0.9912934499504267
0.9913217414364365
0.991349949563792
0.991378074578103
0.9914061167242556
0.9914340762464143
0.9914619533880243
0.9914897483918136
0.9915174614997946
0.991545092953267
0.9915726429928194
0.9916001118583317
0.9916274997889769
0.9916548070232231
0.9916820337988359
0.9917091803528806
0.9917362469217236
0.991763233741035
0.9917901410457908
0.9918169690702743
0.9918437180480786
0.9918703882121086
0.9918969797945829
0.991923493027036
0.99194992814032
0.9919762853646071
0.9920025649293911
0.9920287670634895
0.9920548919950459
0.9920809399515316
0.9921069111597475
0.9921328058458264
0.9921586242352349
0.9921843665527752
0.992210033022587
0.9922356238681499
0.9922611393122847
0.9922865795771557
0.992311944884273
0.9923372354544936
0.9923624515080239
0.9923875932644216
0.9924126609425974
0.9924376547608169
0.9924625749367029
0.9924874216872365
0.9925121952287599
0.9925368957769778
0.9925615235469593
0.9925860787531396
0.9926105616093225
0.9926349723286814
0.9926593111237619
0.9926835782064833
0.9927077737881406
0.9927318980794058
0.9927559512903307
0.9927799336303479
0.9928038453082729
0.9928276865323062
0.9928514575100347
0.9928751584484334
0.992898789553868
0.9929223510320958
0.9929458430882678
0.9929692659269309
0.9929926197520289
0.9930159047669049
0.9930391211743029
0.9930622691763694
0.9930853489746555
0.9931083607701182
0.9931313047631225
0.9931541811534431
0.9931769901402661
0.9931997319221905
0.9932224066972303
0.9932450146628161
0.9932675560157967
0.9932900309524411
0.9933124396684396
0.9933347823589064
0.9933570592183804
0.9933792704408275
0.9934014162196422
0.993423496747649
0.9934455122171042
0.9934674628196978
0.9934893487465549
0.9935111701882376
0.9935329273347465
0.9935546203755222
0.9935762494994472
0.9935978148948476
0.9936193167494944
0.9936407552506056
0.9936621305848473
0.9936834429383359
0.9937046924966392
0.9937258794447783
0.9937470039672293
0.9937680662479244
0.9937890664702541
0.9938100048170687
0.9938308814706794
0.9938516966128605
0.9938724504248506
0.9938931430873543
0.9939137747805439
0.9939343456840606
0.9939548559770164
0.9939753058379956
0.9939956954450564
0.9940160249757322
0.9940362946070334
0.9940565045154487
0.9940766548769471
0.9940967458669788
0.9941167776604773
0.9941367504318606
0.9941566643550326
0.994176519603385
0.9941963163497987
0.9942160547666449
0.9942357350257872
0.9942553572985828
0.994274921755884
0.9942944285680394
0.9943138779048961
0.9943332699358005
0.9943526048296002
0.9943718827546452
0.9943911038787894
0.9944102683693923
0.9944293763933201
0.9944484281169476
0.994467423706159
0.9944863633263503
0.9945052471424297
0.9945240753188196
0.994542848019458
0.9945615654077999
0.9945802276468187
0.9945988348990076
0.9946173873263809
0.9946358850904757
0.9946543283523531
0.9946727172725996
0.9946910520113286
0.9947093327281816
0.99472755958233
0.9947457327324758
0.9947638523368539
0.9947819185532327
0.9947999315389157
0.994817891450743
0.9948357984450925
0.9948536526778815
0.9948714543045679
0.9948892034801513
0.994906900359175
0.9949245450957265
0.9949421378434395
0.9949596787554953
0.9949771679846234
0.9949946056831037
0.9950119920027671
0.9950293270949973
0.9950466111107318
0.9950638442004637
0.9950810265142425
0.9950981582016754
0.995115239411929
0.9951322702937306
0.9951492509953689
0.9951661816646957
0.9951830624491276
0.9951998934956463
0.9952166749508008
0.9952334069607081
0.9952500896710548
0.9952667232270982
0.9952833077736676
0.9952998434551655
0.9953163304155692
0.9953327687984316
0.9953491587468825
0.9953655004036301
0.9953817939109623
0.9953980394107474
0.9954142370444361
0.995430386953062
0.9954464892772431
0.9954625441571835
0.9954785517326739
0.995494512143093
0.9955104255274093
0.9955262920241813
0.9955421117715596
0.9955578849072876
0.9955736115687028
0.9955892918927384
0.9956049260159235
0.9956205140743856
0.9956360562038507
0.9956515525396449
0.9956670032166959
0.9956824083695335
0.9956977681322912
0.9957130826387073
0.9957283520221262
0.9957435764154992
0.995758755951386
0.9957738907619557
0.9957889809789878
0.9958040267338739
0.9958190281576181
0.9958339853808388
0.9958488985337691
0.995863767746259
0.9958785931477753
0.9958933748674037
0.9959081130338496
0.995922807775439
0.9959374592201197
0.9959520674954628
0.9959666327286634
0.9959811550465417
0.9959956345755444
0.9960100714417456
0.9960244657708479
0.9960388176881836
0.9960531273187155
0.9960673947870385
0.9960816202173803
0.9960958037336024
0.9961099454592015
0.9961240455173105
0.9961381040306992
0.9961521211217762
0.9961660969125888
0.9961800315248253
0.9961939250798149
0.9962077776985295
0.9962215895015849
0.9962353606092411
0.996249091141404
0.9962627812176261
0.9962764309571077
0.9962900404786978
0.9963036099008953
0.9963171393418498
0.9963306289193632
0.9963440787508897
0.9963574889535379
0.9963708596440712
0.9963841909389091
0.9963974829541277
0.9964107358054614
0.9964239496083035
0.9964371244777074
0.9964502605283875
0.99646335787472
0.9964764166307443
0.9964894369101637
0.9965024188263465
0.9965153624923271
0.9965282680208066
0.9965411355241542
0.9965539651144081
0.9965667569032761
0.9965795110021372
0.9965922275220418
0.9966049065737136
0.9966175482675497
0.9966301527136221
0.9966427200216784
0.9966552503011429
0.9966677436611174
0.9966802002103824
0.9966926200573977
0.9967050033103035
0.9967173500769217
0.9967296604647563
0.9967419345809944
0.9967541725325074
0.996766374425852
0.9967785403672706
0.996790670462693
0.9968027648177363
0.996814823537707
0.9968268467276009
0.9968388344921048
0.9968507869355966
0.996862704162147
0.99687458627552
0.9968864333791737
0.9968982455762617
0.9969100229696334
0.9969217656618352
0.9969334737551114
0.996945147351405
0.9969567865523588
0.9969683914593158
0.9969799621733207
0.9969914987951204
0.9970030014251647
0.9970144701636079
0.9970259051103089
0.9970373063648323
0.9970486740264496
0.9970600081941396
0.9970713089665897
0.9970825764421961
0.9970938107190656
0.9971050118950154
0.9971161800675751
0.9971273153339865
0.9971384177912048
0.9971494875359
0.9971605246644569
0.9971715292729764
0.9971825014572762
0.9971934413128917
0.9972043489350769
0.9972152244188052
0.9972260678587699
0.9972368793493855
0.9972476589847883
0.9972584068588372
0.9972691230651144
0.9972798076969267
0.9972904608473057
0.997301082609009
0.9973116730745208
0.9973222323360531
0.9973327604855458
0.9973432576146681
0.9973537238148192
0.9973641591771288
0.9973745637924584
0.9973849377514012
0.9973952811442842
0.9974055940611678
0.997415876591847
0.9974261288258527
0.9974363508524514
0.9974465427606469
0.9974567046391809
0.9974668365765332
0.9974769386609234
0.9974870109803107
0.9974970536223955
0.9975070666746196
0.9975170502241673
0.9975270043579658
0.9975369291626864
0.997546824724745
0.9975566911303027
0.9975665284652667
0.9975763368152916
0.997586116265779
0.9975958669018792
0.9976055888084916
0.9976152820702653
0.9976249467716001
0.9976345829966471
0.9976441908293096
0.9976537703532433
0.9976633216518579
0.997672844808317
0.9976823399055391
0.9976918070261988
0.9977012462527267
0.9977106576673108
0.9977200413518967
0.9977293973881888
0.9977387258576506
0.9977480268415054
0.9977573004207377
0.997766546676093
0.9977757656880789
0.9977849575369658
0.9977941223027879
0.997803260065343
0.9978123709041944
0.9978214548986706
0.9978305121278663
0.9978395426706436
0.9978485466056317
0.9978575240112285
0.9978664749656008
0.9978753995466849
0.9978842978321878
0.9978931698995873
0.997902015826133
0.997910835688847
0.9979196295645242
0.9979283975297334
0.9979371396608178
0.9979458560338956
0.9979545467248608
0.9979632118093837
0.9979718513629118
0.99798046546067
0.9979890541776618
0.9979976175886698
0.9980061557682559
0.9980146687907626
0.9980231567303133
0.9980316196608129
0.9980400576559486
0.9980484707891906
0.9980568591337924
0.9980652227627919
0.9980735617490116
0.9980818761650597
0.9980901660833301
0.9980984315760038
0.9981066727150486
0.9981148895722208
0.9981230822190651
0.9981312507269151
0.9981393951668946
0.9981475156099178
0.9981556121266897
0.9981636847877071
0.9981717336632593
0.9981797588234281
0.9981877603380892
0.9981957382769122
0.9982036927093615
0.9982116237046966
0.9982195313319734
0.9982274156600439
0.9982352767575574
0.998243114692961
0.9982509295344999
0.9982587213502185
0.9982664902079605
0.9982742361753699
0.9982819593198912
0.9982896597087701
0.9982973374090547
0.9983049924875949
0.9983126250110439
0.9983202350458587
0.9983278226583
0.9983353879144339
0.9983429308801313
0.9983504516210693
0.9983579502027314
0.9983654266904083
0.998372881149198
0.9983803136440069
0.9983877242395504
0.9983951130003527
0.9984024799907483
0.998409825274882
0.9984171489167095
0.9984244509799983
0.9984317315283279
0.9984389906250903
0.9984462283334911
0.9984534447165492
0.9984606398370981
0.9984678137577861
0.9984749665410771
0.9984820982492507
0.9984892089444031
0.9984962986884474
0.9985033675431145
0.9985104155699533
0.9985174428303315
0.9985244493854357
0.9985314352962724
0.9985384006236684
0.9985453454282711
0.9985522697705493
0.9985591737107938
0.9985660573091175
0.9985729206254562
0.9985797637195694
0.99858658665104
0.9985933894792759
0.9986001722635096
0.9986069350627992
0.9986136779360288
0.9986204009419091
0.9986271041389774
0.9986337875855991
0.9986404513399672
0.9986470954601033
0.9986537200038583
0.9986603250289126
0.9986669105927762
0.9986734767527902
0.9986800235661264
0.9986865510897883
0.9986930593806116
0.9986995484952641
0.9987060184902471
0.9987124694218951
0.9987189013463766
0.998725314319695
0.9987317083976883
0.9987380836360301
0.99874444009023
0.9987507778156339
0.9987570968674249
0.9987633973006231
0.998769679170087
0.9987759425305129
0.9987821874364365
0.9987884139422325
0.9987946221021153
0.9988008119701399
0.9988069836002017
0.9988131370460375
0.9988192723612256
0.9988253895991867
0.9988314888131837
0.998837570056323
0.9988436333815542
0.9988496788416712
0.998855706489312
0.9988617163769598
0.9988677085569428
0.9988736830814355
0.9988796400024583
0.9988855793718785
0.9988915012414105
0.9988974056626163
0.9989032926869061
0.9989091623655386
0.9989150147496214
0.9989208498901114
0.9989266678378157
0.9989324686433914
0.9989382523573463
0.9989440190300398
0.9989497687116825
0.9989555014523372
0.9989612173019193
0.998966916310197
0.9989725985267918
0.9989782640011791
0.9989839127826885
0.9989895449205043
0.9989951604636659
0.999000759461068
0.9990063419614615
0.9990119080134535
0.999017457665508
0.999022990965946
0.9990285079629465
0.9990340087045461
0.99903949323864
0.9990449616129826
0.9990504138751872
0.999055850072727
0.9990612702529352
0.9990666744630057
0.9990720627499932
0.9990774351608138
0.9990827917422456
0.9990881325409284
0.999093457603365
0.9990987669759209
0.9991040607048253
0.9991093388361707
0.9991146014159143
0.9991198484898777
0.9991250801037473
0.9991302963030753
0.9991354971332792
0.9991406826396431
0.9991458528673174
0.9991510078613196
0.9991561476665345
0.9991612723277147
0.9991663818894809
0.9991714763963224
0.9991765558925974
0.9991816204225331
0.9991866700302269
0.9991917047596459
0.9991967246546279
0.9992017297588813
0.9992067201159859
0.999211695769393
0.9992166567624258
0.99922160313828
0.9992265349400241
0.9992314522105995
0.9992363549928212
0.9992412433293778
0.9992461172628325
0.9992509768356229
0.9992558220900616
0.9992606530683363
0.9992654698125109
0.9992702723645248
0.9992750607661943
0.9992798350592123
0.9992845952851486
0.9992893414854509
0.9992940737014446
0.9992987919743335
0.9993034963451998
0.9993081868550047
0.9993128635445887
0.9993175264546721
0.999322175625855
0.9993268110986181
0.9993314329133226
0.999336041110211
0.9993406357294071
0.9993452168109166
0.9993497843946272
0.999354338520309
0.9993588792276151
0.9993634065560817
0.9993679205451285
0.999372421234059
0.9993769086620611
0.999381382868207
0.9993858438914539
0.9993902917706442
0.9993947265445058
0.9993991482516524
0.9994035569305842
0.999407952619688
0.999412335357237
0.999416705181392
0.9994210621302014
0.9994254062416014
0.9994297375534164
0.9994340561033592
0.9994383619290319
0.9994426550679255
0.9994469355574206
0.9994512034347877
0.9994554587371873
0.9994597015016708
0.9994639317651801
0.9994681495645482
0.9994723549364999
0.9994765479176515
0.9994807285445115
0.999484896853481
0.9994890528808535
0.999493196662816
0.9994973282354486
0.9995014476347249
0.999505554896513
0.999509650056575
0.9995137331505677
0.9995178042140427
0.9995218632824471
0.9995259103911234
0.99952994557531
0.9995339688701416
0.9995379803106491
0.9995419799317604
0.9995459677683004
0.9995499438549915
0.9995539082264536
0.9995578609172048
0.9995618019616613
0.9995657313941382
0.9995696492488491
0.9995735555599069
0.9995774503613243
0.9995813336870134
0.9995852055707867
0.9995890660463568
0.9995929151473371
0.9995967529072418
0.9996005793594868
0.9996043945373889
0.9996081984741674
0.9996119912029432
0.9996157727567397
0.9996195431684833
0.9996233024710032
0.9996270506970317
0.999630787879205
0.9996345140500628
0.9996382292420491
0.9996419334875124
0.9996456268187057
0.9996493092677871
0.9996529808668198
0.9996566416477726
0.9996602916425202
0.9996639308828433
0.9996675594004291
0.999671177226871
0.99967478439367
0.9996783809322336
0.9996819668738771
0.9996855422498236
0.9996891070912042
0.9996926614290579
0.9996962052943327
0.9996997387178852
0.9997032617304812
0.9997067743627956
0.9997102766454132
0.9997137686088287
0.9997172502834465
0.9997207216995819
0.9997241828874609
0.99972763387722
0.9997310746989072
0.9997345053824821
0.9997379259578157
0.9997413364546912
0.999744736902804
0.9997481273317619
0.9997515077710857
0.9997548782502089
0.9997582387984787
0.9997615894451554
0.9997649302194133
0.9997682611503407
0.9997715822669403
0.9997748935981291
0.9997781951727391
0.9997814870195174
0.9997847691671262
0.9997880416441435
0.9997913044790627
0.9997945577002937
0.9997978013361623
0.999801035414911
0.9998042599646993
0.9998074750136036
0.9998106805896172
0.9998138767206515
0.9998170634345352
0.9998202407590153
0.999823408721757
0.9998265673503438
0.9998297166722782
0.9998328567149813
0.9998359875057939
0.9998391090719758
0.9998422214407068
0.9998453246390863
0.9998484186941341
0.9998515036327903
0.9998545794819157
0.9998576462682918
0.9998607040186213
0.9998637527595282
0.9998667925175582
0.9998698233191785
0.9998728451907785
0.9998758581586698
0.9998788622490864
0.9998818574881853
0.999884843902046
0.9998878215166715
0.9998907903579881
0.9998937504518456
0.9998967018240176
0.999899644500202
0.9999025785060208
0.9999055038670206
0.9999084206086726
0.9999113287563731
0.9999142283354435
0.9999171193711306
0.9999200018886069
0.9999228759129705
0.9999257414692456
0.999928598582383
0.9999314472772597
0.9999342875786793
0.9999371195113727
0.9999399430999975
0.9999427583691388
0.9999455653433095
0.99994836404695
0.9999511545044287
0.9999539367400424
0.9999567107780162
0.9999594766425036
0.9999622343575874
0.999964983947279
0.9999677254355193
0.9999704588461785
0.9999731842030567
0.9999759015298837
0.9999786108503194
0.9999813121879539
0.9999840055663082
0.9999866910088334
0.999989368538912
0.9999920381798572
0.9999946999549137
0.9999973538872581
0.999999999999998
